Pos	Name	Ct SYBR	Ct Mean SYBR	Ct Dev. SYBR	Amount SYBR [Copies]	Amount Mean SYBR	Amount Dev. SYBR	Target SYBR
A1	LM0227	26,70	26,67	0,09	1,00			eimeria
A2	LM0227	26,73	26,67	0,09	1,00			eimeria
A3	LM0227	26,56	26,67	0,09	1,00			eimeria
A4	LM0227	21,11	20,88	0,21	1,00			mouse
A5	LM0227	20,70	20,88	0,21	1,00			mouse
A6	LM0227	20,83	20,88	0,21	1,00			mouse
A7	LM0239	30,30	30,21	0,23	1,00			eimeria
A8	LM0239	29,95	30,21	0,23	1,00			eimeria
A9	LM0239	30,39	30,21	0,23	1,00			eimeria
A10	LM0239	23,47	23,45	0,03	1,00			mouse
A11	LM0239	23,41	23,45	0,03	1,00			mouse
A12	LM0239	23,46	23,45	0,03	1,00			mouse
B1	LM0234	29,03	29,30	0,25	1,00			eimeria
B2	LM0234	29,53	29,30	0,25	1,00			eimeria
B3	LM0234	29,35	29,30	0,25	1,00			eimeria
B4	LM0234	21,41	21,41	0,02	1,00			mouse
B5	LM0234	21,42	21,41	0,02	1,00			mouse
B6	LM0234	21,39	21,41	0,02	1,00			mouse
B7	LM0240	29,53	29,44	0,09	1,00			eimeria
B8	LM0240	29,44	29,44	0,09	1,00			eimeria
B9	LM0240	29,36	29,44	0,09	1,00			eimeria
B10	LM0240	22,59	22,79	0,18	1,00			mouse
B11	LM0240	22,92	22,79	0,18	1,00			mouse
B12	LM0240	22,88	22,79	0,18	1,00			mouse
C1	LM0235	29,29	29,18	0,28	1,00			eimeria
C2	LM0235	29,40	29,18	0,28	1,00			eimeria
C3	LM0235	28,86	29,18	0,28	1,00			eimeria
C4	LM0235	23,38	23,34	0,05	1,00			mouse
C5	LM0235	23,34	23,34	0,05	1,00			mouse
C6	LM0235	23,29	23,34	0,05	1,00			mouse
C7	LM0248	29,95	29,84	0,14	1,00			eimeria
C8	LM0248	29,88	29,84	0,14	1,00			eimeria
C9	LM0248	29,68	29,84	0,14	1,00			eimeria
C10	LM0248	22,88	22,92	0,18	1,00			mouse
C11	LM0248	22,76	22,92	0,18	1,00			mouse
C12	LM0248	23,12	22,92	0,18	1,00			mouse
D1	LM0238	25,60	25,66	0,06	1,00			eimeria
D2	LM0238	25,67	25,66	0,06	1,00			eimeria
D3	LM0238	25,71	25,66	0,06	1,00			eimeria
D4	LM0238	21,38	21,24	0,13	1,00			mouse
D5	LM0238	21,19	21,24	0,13	1,00			mouse
D6	LM0238	21,14	21,24	0,13	1,00			mouse
D7	LM0256	31,56	31,43	0,52	1,00			eimeria
D8	LM0256	30,86	31,43	0,52	1,00			eimeria
D9	LM0256	31,88	31,43	0,52	1,00			eimeria
D10	LM0256	22,51	22,53	0,07	1,00			mouse
D11	LM0256	22,46	22,53	0,07	1,00			mouse
D12	LM0256	22,61	22,53	0,07	1,00			mouse
E1	LM0254	31,03	31,08	0,23	1,00			eimeria
E2	LM0254	31,33	31,08	0,23	1,00			eimeria
E3	LM0254	30,88	31,08	0,23	1,00			eimeria
E4	LM0254	22,54	22,60	0,10	1,00			mouse
E5	LM0254	22,71	22,60	0,10	1,00			mouse
E6	LM0254	22,53	22,60	0,10	1,00			mouse
E7	LM0257	30,32	30,13	0,17	1,00			eimeria
E8	LM0257	29,97	30,13	0,17	1,00			eimeria
E9	LM0257	30,11	30,13	0,17	1,00			eimeria
E10	LM0257	23,19	23,20	0,08	1,00			mouse
E11	LM0257	23,27	23,20	0,08	1,00			mouse
E12	LM0257	23,12	23,20	0,08	1,00			mouse
F1	LM0236	28,76	29,20	0,42	1,00			eimeria
F2	LM0236	29,58	29,20	0,42	1,00			eimeria
F3	LM0236	29,27	29,20	0,42	1,00			eimeria
F4	LM0236	23,38	23,18	0,18	1,00			mouse
F5	LM0236	23,02	23,18	0,18	1,00			mouse
F6	LM0236	23,14	23,18	0,18	1,00			mouse
F7	LM0232	28,04	28,23	0,23	1,00			eimeria
F8	LM0232	28,16	28,23	0,23	1,00			eimeria
F9	LM0232	28,48	28,23	0,23	1,00			eimeria
F10	LM0232	21,96	22,01	0,15	1,00			mouse
F11	LM0232	21,90	22,01	0,15	1,00			mouse
F12	LM0232	22,18	22,01	0,15	1,00			mouse
G1	LM0228	27,65	27,67	0,12	1,00			eimeria
G2	LM0228	27,80	27,67	0,12	1,00			eimeria
G3	LM0228	27,56	27,67	0,12	1,00			eimeria
G4	LM0228	21,67	21,76	0,11	1,00			mouse
G5	LM0228	21,74	21,76	0,11	1,00			mouse
G6	LM0228	21,88	21,76	0,11	1,00			mouse
G7	LM0229	31,50	30,26	1,21	1,00			eimeria
G8	LM0229	29,09	30,26	1,21	1,00			eimeria
G9	LM0229	30,18	30,26	1,21	1,00			eimeria
G10	LM0229	23,03	23,14	0,12	1,00			mouse
G11	LM0229	23,11	23,14	0,12	1,00			mouse
G12	LM0229	23,27	23,14	0,12	1,00			mouse
A1	LM0231	28,86	28,86	0,50	1,00			eimeria
A2	LM0231	28,36	28,86	0,50	1,00			eimeria
A3	LM0231	29,36	28,86	0,50	1,00			eimeria
A4	LM0231	23,41	23,70	0,34	1,00			mouse
A5	LM0231	23,62	23,70	0,34	1,00			mouse
A6	LM0231	24,07	23,70	0,34	1,00			mouse
A7	LM0255	26,25	26,22	0,06	1,00			eimeria
A8	LM0255	26,15	26,22	0,06	1,00			eimeria
A9	LM0255	26,26	26,22	0,06	1,00			eimeria
A10	LM0255	22,96	23,49	0,47	1,00			mouse
A11	LM0255	23,70	23,49	0,47	1,00			mouse
A12	LM0255	23,82	23,49	0,47	1,00			mouse
B1	LM0249	28,63	28,71	0,60	1,00			eimeria
B2	LM0249	28,16	28,71	0,60	1,00			eimeria
B3	LM0249	29,35	28,71	0,60	1,00			eimeria
B4	LM0249	22,33	22,75	0,36	1,00			mouse
B5	LM0249	22,96	22,75	0,36	1,00			mouse
B6	LM0249	22,95	22,75	0,36	1,00			mouse
B7	LM0258	29,00	29,24	0,25	1,00			eimeria
B8	LM0258	29,50	29,24	0,25	1,00			eimeria
B9	LM0258	29,22	29,24	0,25	1,00			eimeria
B10	LM0258	22,89	23,49	0,52	1,00			mouse
B11	LM0258	23,83	23,49	0,52	1,00			mouse
B12	LM0258	23,75	23,49	0,52	1,00			mouse
C1	LM0251	28,72	28,69	0,15	1,00			eimeria
C2	LM0251	28,53	28,69	0,15	1,00			eimeria
C3	LM0251	28,82	28,69	0,15	1,00			eimeria
C4	LM0251	23,73	23,96	0,21	1,00			mouse
C5	LM0251	24,12	23,96	0,21	1,00			mouse
C6	LM0251	24,03	23,96	0,21	1,00			mouse
C7	LM0259	31,40	31,38	0,73	1,00			eimeria
C8	LM0259	30,63	31,38	0,73	1,00			eimeria
C9	LM0259	32,09	31,38	0,73	1,00			eimeria
C10	LM0259	23,00	23,38	0,36	1,00			mouse
C11	LM0259	23,41	23,38	0,36	1,00			mouse
C12	LM0259	23,73	23,38	0,36	1,00			mouse
D1	LM0247	28,19	28,23	0,25	1,00			eimeria
D2	LM0247	28,01	28,23	0,25	1,00			eimeria
D3	LM0247	28,51	28,23	0,25	1,00			eimeria
D4	LM0247	23,27	23,55	0,35	1,00			mouse
D5	LM0247	23,45	23,55	0,35	1,00			mouse
D6	LM0247	23,94	23,55	0,35	1,00			mouse
D7	LM0261	31,55	28,66	5,00	1,00			eimeria
D8	LM0261	31,54	28,66	5,00	1,00			eimeria
D9	LM0261	22,88	28,66	5,00	1,00			eimeria
D10	LM0261	22,33	22,76	0,43	1,00			mouse
D11	LM0261	22,77	22,76	0,43	1,00			mouse
D12	LM0261	23,19	22,76	0,43	1,00			mouse
E1	LM0266	31,39	31,56	0,16	1,00			eimeria
E2	LM0266	31,62	31,56	0,16	1,00			eimeria
E3	LM0266	31,68	31,56	0,16	1,00			eimeria
E4	LM0266	22,91	23,31	0,39	1,00			mouse
E5	LM0266	23,35	23,31	0,39	1,00			mouse
E6	LM0266	23,68	23,31	0,39	1,00			mouse
E7	LM0264	31,64	31,62	0,14	1,00			eimeria
E8	LM0264	31,46	31,62	0,14	1,00			eimeria
E9	LM0264	31,75	31,62	0,14	1,00			eimeria
E10	LM0264	21,26	21,60	0,30	1,00			mouse
E11	LM0264	21,72	21,60	0,30	1,00			mouse
E12	LM0264	21,82	21,60	0,30	1,00			mouse
F1	LM0268	31,87	31,80	0,33	1,00			eimeria
F2	LM0268	31,45	31,80	0,33	1,00			eimeria
F3	LM0268	32,09	31,80	0,33	1,00			eimeria
F4	LM0268	23,45	23,65	0,22	1,00			mouse
F5	LM0268	23,61	23,65	0,22	1,00			mouse
F6	LM0268	23,88	23,65	0,22	1,00			mouse
F7	LM0271	33,27	33,10	0,44	1,00			eimeria
F8	LM0271	32,61	33,10	0,44	1,00			eimeria
F9	LM0271	33,43	33,10	0,44	1,00			eimeria
F10	LM0271	23,36	23,90	0,47	1,00			mouse
F11	LM0271	24,06	23,90	0,47	1,00			mouse
F12	LM0271	24,26	23,90	0,47	1,00			mouse
G1	LM0233	28,49	28,65	0,31	1,00			eimeria
G2	LM0233	28,44	28,65	0,31	1,00			eimeria
G3	LM0233	29,01	28,65	0,31	1,00			eimeria
G4	LM0233	22,46	22,68	0,25	1,00			mouse
G5	LM0233	22,64	22,68	0,25	1,00			mouse
G6	LM0233	22,94	22,68	0,25	1,00			mouse
G7	LM0286	34,25	34,51	0,36	1,00			eimeria
G8	LM0286	34,37	34,51	0,36	1,00			eimeria
G9	LM0286	34,92	34,51	0,36	1,00			eimeria
G10	LM0286	24,71	25,30	0,52	1,00			mouse
G11	LM0286	25,49	25,30	0,52	1,00			mouse
G12	LM0286	25,69	25,30	0,52	1,00			mouse
A1	LM0277	33,35	33,13	0,90	1,00			eimeria
A2	LM0277	32,14	33,13	0,90	1,00			eimeria
A3	LM0277	33,90	33,13	0,90	1,00			eimeria
A4	LM0277	22,73	22,74	0,05	1,00			mouse
A5	LM0277	22,70	22,74	0,05	1,00			mouse
A6	LM0277	22,79	22,74	0,05	1,00			mouse
A7	LM0273	33,45	33,40	0,19	1,00			eimeria
A8	LM0273	33,55	33,40	0,19	1,00			eimeria
A9	LM0273	33,19	33,40	0,19	1,00			eimeria
A10	LM0273	23,06	22,98	0,08	1,00			mouse
A11	LM0273	22,89	22,98	0,08	1,00			mouse
A12	LM0273	22,98	22,98	0,08	1,00			mouse
B1	LM0282	34,36	34,63	0,30	1,00			eimeria
B2	LM0282	34,95	34,63	0,30	1,00			eimeria
B3	LM0282	34,56	34,63	0,30	1,00			eimeria
B4	LM0282	21,86	21,94	0,13	1,00			mouse
B5	LM0282	22,08	21,94	0,13	1,00			mouse
B6	LM0282	21,86	21,94	0,13	1,00			mouse
B7	LM0288	32,78	32,17	0,53	1,00			eimeria
B8	LM0288	31,90	32,17	0,53	1,00			eimeria
B9	LM0288	31,83	32,17	0,53	1,00			eimeria
B10	LM0288	24,29	23,38	0,82	1,00			mouse
B11	LM0288	23,16	23,38	0,82	1,00			mouse
B12	LM0288	22,69	23,38	0,82	1,00			mouse
C1	LM0278	34,22	34,47	0,22	1,00			eimeria
C2	LM0278	34,53	34,47	0,22	1,00			eimeria
C3	LM0278	34,66	34,47	0,22	1,00			eimeria
C4	LM0278	23,54	23,48	0,07	1,00			mouse
C5	LM0278	23,49	23,48	0,07	1,00			mouse
C6	LM0278	23,41	23,48	0,07	1,00			mouse
C7	LM0289	32,75	31,75	1,24	1,00			eimeria
C8	LM0289	32,15	31,75	1,24	1,00			eimeria
C9	LM0289	30,36	31,75	1,24	1,00			eimeria
C10	LM0289	23,66	22,57	0,95	1,00			mouse
C11	LM0289	22,11	22,57	0,95	1,00			mouse
C12	LM0289	21,93	22,57	0,95	1,00			mouse
D1	LM0283	33,55	34,38	0,72	1,00			eimeria
D2	LM0283	34,84	34,38	0,72	1,00			eimeria
D3	LM0283	34,76	34,38	0,72	1,00			eimeria
D4	LM0283	23,76	23,81	0,07	1,00			mouse
D5	LM0283	23,79	23,81	0,07	1,00			mouse
D6	LM0283	23,88	23,81	0,07	1,00			mouse
D7	LM0292	31,30	31,02	0,91	1,00			eimeria
D8	LM0292	30,01	31,02	0,91	1,00			eimeria
D9	LM0292	31,75	31,02	0,91	1,00			eimeria
D10	LM0292	25,05	23,05	1,73	1,00			mouse
D11	LM0292	22,12	23,05	1,73	1,00			mouse
D12	LM0292	21,98	23,05	1,73	1,00			mouse
E1	LM0276	35,19	34,76	0,39	1,00			eimeria
E2	LM0276	34,67	34,76	0,39	1,00			eimeria
E3	LM0276	34,43	34,76	0,39	1,00			eimeria
E4	LM0276	24,11	24,15	0,37	1,00			mouse
E5	LM0276	24,53	24,15	0,37	1,00			mouse
E6	LM0276	23,80	24,15	0,37	1,00			mouse
E7	LM0293	32,47	32,53	0,05	1,00			eimeria
E8	LM0293	32,56	32,53	0,05	1,00			eimeria
E9	LM0293	32,56	32,53	0,05	1,00			eimeria
E10	LM0293	35,68	27,51	7,08	1,00			mouse
E11	LM0293	23,84	27,51	7,08	1,00			mouse
E12	LM0293	23,01	27,51	7,08	1,00			mouse
F1	LM0275	18,25	17,60	1,05	1,00			eimeria
F2	LM0275	16,38	17,60	1,05	1,00			eimeria
F3	LM0275	18,15	17,60	1,05	1,00			eimeria
F4	LM0275	21,69	21,74	0,11	1,00			mouse
F5	LM0275	21,67	21,74	0,11	1,00			mouse
F6	LM0275	21,87	21,74	0,11	1,00			mouse
F7	LM0263	30,01	30,75	0,65	1,00			eimeria
F8	LM0263	30,99	30,75	0,65	1,00			eimeria
F9	LM0263	31,25	30,75	0,65	1,00			eimeria
F10	LM0263	24,82	22,37	2,13	1,00			mouse
F11	LM0263	20,93	22,37	2,13	1,00			mouse
F12	LM0263	21,35	22,37	2,13	1,00			mouse
G1	LM0272	33,25	32,19	2,15	1,00			eimeria
G2	LM0272	33,61	32,19	2,15	1,00			eimeria
G3	LM0272	29,73	32,19	2,15	1,00			eimeria
G4	LM0272	21,67	21,64	0,04	1,00			mouse
G5	LM0272	21,66	21,64	0,04	1,00			mouse
G6	LM0272	21,60	21,64	0,04	1,00			mouse
A1	LM0269	29,86	30,01	0,27	1,00			eimeria
A2	LM0269	29,85	30,01	0,27	1,00			eimeria
A3	LM0269	30,33	30,01	0,27	1,00			eimeria
A4	LM0269	21,91	22,10	0,17	1,00			mouse
A5	LM0269	22,17	22,10	0,17	1,00			mouse
A6	LM0269	22,23	22,10	0,17	1,00			mouse
A7	LM0285	25,64	25,58	0,07	1,00			eimeria
A8	LM0285	25,58	25,58	0,07	1,00			eimeria
A9	LM0285	25,50	25,58	0,07	1,00			eimeria
A10	LM0285	22,52	22,47	0,08	1,00			mouse
A11	LM0285	22,38	22,47	0,08	1,00			mouse
A12	LM0285	22,52	22,47	0,08	1,00			mouse
B1	LM0284	27,29	27,38	0,20	1,00			eimeria
B2	LM0284	27,23	27,38	0,20	1,00			eimeria
B3	LM0284	27,61	27,38	0,20	1,00			eimeria
B4	LM0284	20,91	21,19	0,30	1,00			mouse
B5	LM0284	21,50	21,19	0,30	1,00			mouse
B6	LM0284	21,16	21,19	0,30	1,00			mouse
B7	LM0287	31,85	28,98	4,62	1,00			eimeria
B8	LM0287	23,65	28,98	4,62	1,00			eimeria
B9	LM0287	31,44	28,98	4,62	1,00			eimeria
B10	LM0287	22,51	22,64	0,12	1,00			mouse
B11	LM0287	22,74	22,64	0,12	1,00			mouse
B12	LM0287	22,67	22,64	0,12	1,00			mouse
C1	LM0270	32,73	32,41	0,60	1,00			eimeria
C2	LM0270	31,72	32,41	0,60	1,00			eimeria
C3	LM0270	32,80	32,41	0,60	1,00			eimeria
C4	LM0270	22,60	22,66	0,14	1,00			mouse
C5	LM0270	22,82	22,66	0,14	1,00			mouse
C6	LM0270	22,56	22,66	0,14	1,00			mouse
C7	LM0291	18,19	20,19	1,79	1,00			eimeria
C8	LM0291	21,62	20,19	1,79	1,00			eimeria
C9	LM0291	20,78	20,19	1,79	1,00			eimeria
C10	LM0291	20,94	21,40	0,41	1,00			mouse
C11	LM0291	21,56	21,40	0,41	1,00			mouse
C12	LM0291	21,72	21,40	0,41	1,00			mouse
D1	LM0279	31,08	31,43	0,39	1,00			eimeria
D2	LM0279	31,84	31,43	0,39	1,00			eimeria
D3	LM0279	31,37	31,43	0,39	1,00			eimeria
D4	LM0279	22,34	22,25	0,12	1,00			mouse
D5	LM0279	22,29	22,25	0,12	1,00			mouse
D6	LM0279	22,12	22,25	0,12	1,00			mouse
D7	LM0294	7,01	7,88	1,05	1,00			eimeria
D8	LM0294	9,05	7,88	1,05	1,00			eimeria
D9	LM0294	7,57	7,88	1,05	1,00			eimeria
D10	LM0294	19,04	19,49	0,45	1,00			mouse
D11	LM0294	19,94	19,49	0,45	1,00			mouse
D12	LM0294	19,49	19,49	0,45	1,00			mouse
E1	LM0280	29,12	29,64	0,46	1,00			eimeria
E2	LM0280	29,99	29,64	0,46	1,00			eimeria
E3	LM0280	29,82	29,64	0,46	1,00			eimeria
E4	LM0280	22,48	22,52	0,06	1,00			mouse
E5	LM0280	22,59	22,52	0,06	1,00			mouse
E6	LM0280	22,49	22,52	0,06	1,00			mouse
E7	LM0265	34,42	34,30	0,10	1,00			eimeria
E8	LM0265	34,22	34,30	0,10	1,00			eimeria
E9	LM0265	34,28	34,30	0,10	1,00			eimeria
E10	LM0265	23,03	22,88	0,16	1,00			mouse
E11	LM0265	22,72	22,88	0,16	1,00			mouse
E12	LM0265	22,88	22,88	0,16	1,00			mouse
F1	LM0260	33,70	33,06	0,56	1,00			eimeria
F2	LM0260	32,85	33,06	0,56	1,00			eimeria
F3	LM0260	32,64	33,06	0,56	1,00			eimeria
F4	LM0260	21,34	21,16	0,19	1,00			mouse
F5	LM0260	21,18	21,16	0,19	1,00			mouse
F6	LM0260	20,97	21,16	0,19	1,00			mouse
G1	LM0262	32,87	33,01	0,36	1,00			eimeria
G2	LM0262	32,74	33,01	0,36	1,00			eimeria
G3	LM0262	33,42	33,01	0,36	1,00			eimeria
G4	LM0262	22,99	22,95	0,19	1,00			mouse
G5	LM0262	23,11	22,95	0,19	1,00			mouse
G6	LM0262	22,74	22,95	0,19	1,00			mouse
